QGC WPL 110
0 1 3 16 0.000000 0.000000 0.000000 0.000000 -35.36327092 149.16504539 1 1
0 0 3 16 0.000000 0.000000 0.000000 0.000000 -35.36327092 149.16504539 2.0 1
0 0 3 16 0.000000 0.000000 0.000000 0.000000 -35.36323898 149.16508722 4.52631579 1
0 0 3 16 0.000000 0.000000 0.000000 0.000000 -35.36329863 149.16514694 7.05263158 1
0 0 3 16 0.000000 0.000000 0.000000 0.000000 -35.36341721 149.16510481 9.57894737 1
0 0 3 16 0.000000 0.000000 0.000000 0.000000 -35.36345227 149.16493846 12.10526316 1
0 0 3 16 0.000000 0.000000 0.000000 0.000000 -35.36330227 149.16478411 14.63157895 1
0 0 3 16 0.000000 0.000000 0.000000 0.000000 -35.36304457 149.16482519 17.15789474 1
0 0 3 16 0.000000 0.000000 0.000000 0.000000 -35.36290647 149.16509934 19.68421053 1
0 0 3 16 0.000000 0.000000 0.000000 0.000000 -35.36306713 149.16541384 22.21052632 1
0 0 3 16 0.000000 0.000000 0.000000 0.000000 -35.3634612 149.16547918 24.73684211 1
0 0 3 16 0.000000 0.000000 0.000000 0.000000 -35.3637823 149.1651699 27.26315789 1
0 0 3 16 0.000000 0.000000 0.000000 0.000000 -35.36372118 149.16468146 29.78947368 1
0 0 3 16 0.000000 0.000000 0.000000 0.000000 -35.36325352 149.16441405 32.31578947 1
0 0 3 16 0.000000 0.000000 0.000000 0.000000 -35.36271591 149.16464526 34.84210526 1
0 0 3 16 0.000000 0.000000 0.000000 0.000000 -35.36256568 149.16525888 37.36842105 1
0 0 3 16 0.000000 0.000000 0.000000 0.000000 -35.3629941 149.16578474 39.89473684 1
0 0 3 16 0.000000 0.000000 0.000000 0.000000 -35.36371848 149.16575871 42.42105263 1
0 0 3 16 0.000000 0.000000 0.000000 0.000000 -35.36416188 149.16512746 44.94736842 1
0 0 3 16 0.000000 0.000000 0.000000 0.000000 -35.36391256 149.16434839 47.47368421 1
0 0 3 16 0.000000 0.000000 0.000000 0.000000 -35.36309727 149.16406058 50.0 1
